0930 0365 0015 0015 0003 0001 0005 01.0 0117 0532 
0785 0178 0015 0015 0003 0001 0005 01.0 0704 0622 
0902 0266 0015 0015 0003 0001 0005 01.0 0223 0519 
0509 0212 0015 0015 0003 0001 0005 01.0 0709 0654 
0474 0649 0015 0015 0003 0001 0005 01.0 0965 0288 
0036 0461 0015 0015 0003 0001 0005 01.0 1110 0190 
0341 0388 0015 0015 0003 0001 0005 01.0 1125 0166 
0477 0685 0015 0015 0003 0001 0005 01.0 0509 0120 
0951 0472 0015 0015 0003 0001 0005 01.0 0260 0315 
0899 0566 0015 0015 0003 0001 0005 01.0 0281 0547 
0907 0497 0015 0015 0003 0001 0005 01.0 0316 0519 
1054 0109 0015 0015 0003 0001 0005 01.0 0187 0562 
0705 0682 0015 0015 0003 0001 0005 01.0 0111 0325 
0931 0576 0015 0015 0003 0001 0005 01.0 0418 0123 
0993 0192 0015 0015 0003 0001 0005 01.0 0586 0634 
0623 0631 0015 0015 0003 0001 0005 01.0 0251 0383 
0439 0609 0015 0015 0003 0001 0005 01.0 0452 0148 
0929 0603 0015 0015 0003 0001 0005 01.0 0753 0230 
0872 0177 0015 0015 0003 0001 0005 01.0 0683 0591 
1031 0457 0015 0015 0003 0001 0005 01.0 0248 0384 
0699 0149 0015 0015 0003 0001 0005 01.0 0837 0659 
0497 0198 0015 0015 0003 0001 0005 01.0 0702 0613 
0949 0495 0015 0015 0003 0001 0005 01.0 0299 0428 
0477 0639 0015 0015 0003 0001 0005 01.0 0984 0305 
1014 0190 0015 0015 0003 0001 0005 01.0 0239 0334 

