0472 0139 0015 0015 0003 0001 0005 01.0 0594 0626 
0769 0283 0015 0015 0003 0001 0005 01.0 0720 0607 
0637 0212 0015 0015 0003 0001 0005 01.0 0846 0644 
0900 0306 0015 0015 0003 0001 0005 01.0 0753 0645 
0980 0529 0015 0015 0003 0001 0005 01.0 0768 0629 
0365 0369 0015 0015 0003 0001 0005 01.0 0623 0606 
0390 0302 0015 0015 0003 0001 0005 01.0 0725 0650 
0397 0528 0015 0015 0003 0001 0005 01.0 0481 0594 

0703 0172 0015 0015 0003 0001 0005 01.0 0716 0613 
0796 0147 0015 0015 0003 0001 0005 01.0 0845 0604 
0484 0208 0015 0015 0003 0001 0005 01.0 0719 0627 
0550 0631 0015 0015 0003 0001 0005 01.0 1042 0407 
1047 0524 0015 0015 0003 0001 0005 01.0 0271 0440 
0948 0227 0015 0015 0003 0001 0005 01.0 0433 0668 
1014 0562 0015 0015 0003 0001 0005 01.0 0162 0385 
1130 0244 0015 0015 0003 0001 0005 01.0 0483 0646 
0615 0141 0015 0015 0003 0001 0005 01.0 0729 0606 

0395 0333 0015 0015 0003 0001 0005 01.0 0970 0501 
0498 0618 0015 0015 0003 0001 0005 01.0 0991 0407 
1028 0428 0015 0015 0003 0001 0005 01.0 0302 0390 
0924 0165 0015 0015 0003 0001 0005 01.0 0632 0680 
1011 0409 0015 0015 0003 0001 0005 01.0 0646 0401 

0549 0212 0015 0015 0003 0001 0005 01.0 0572 0338 
0652 0191 0015 0015 0003 0001 0005 01.0 0674 0321 
0955 0274 0015 0015 0003 0001 0005 01.0 0728 0344 
1033 0533 0015 0015 0003 0001 0005 01.0 0749 0459 
0982 0616 0015 0015 0003 0001 0005 01.0 0718 0529 
0797 0606 0015 0015 0003 0001 0005 01.0 0671 0514 
0744 0620 0015 0015 0003 0001 0005 01.0 0628 0528 
0628 0629 0015 0015 0003 0001 0005 01.0 0638 0524 
0518 0640 0015 0015 0003 0001 0005 01.0 0598 0475 
0427 0619 0015 0015 0003 0001 0005 01.0 0556 0486 
0364 0539 0015 0015 0003 0001 0005 01.0 0476 0508 
0178 0438 0015 0015 0003 0001 0005 01.0 0520 0459 
0300 0437 0015 0015 0003 0001 0005 01.0 0494 0420 
0251 0392 0015 0015 0003 0001 0005 01.0 0545 0399 
0327 0367 0015 0015 0003 0001 0005 01.0 0554 0405 

0517 0235 0015 0015 0003 0001 0005 01.0 0653 0466 
0951 0441 0015 0015 0003 0001 0005 01.0 0467 0349 
1004 0405 0015 0015 0003 0001 0005 01.0 0617 0416 
0099 0287 0015 0015 0003 0001 0005 01.0 0856 0636 
1210 0256 0015 0015 0003 0001 0005 01.0 0348 0678 
1050 0433 0015 0015 0003 0001 0005 01.0 0778 0632 
0636 0212 0015 0015 0003 0001 0005 01.0 0729 0610 
0918 0341 0015 0015 0003 0001 0005 01.0 0264 0457 
0475 0236 0015 0015 0003 0001 0005 01.0 0665 0597 
1009 0440 0015 0015 0003 0001 0005 01.0 0222 0339 
0678 0632 0015 0015 0003 0001 0005 01.0 0446 0215 
0877 0597 0015 0015 0003 0001 0005 01.0 0736 0232 
0952 0182 0015 0015 0003 0001 0005 01.0 0056 0488 

