0573 0696 0015 0015 0003 0001 0005 01.0 1027 0240 
0984 0525 0015 0015 0003 0001 0005 01.0 0512 0352 
0952 0583 0015 0015 0003 0001 0005 01.0 0138 0427 
0961 0208 0015 0015 0003 0001 0005 01.0 0794 0552 
0982 0560 0015 0015 0003 0001 0005 01.0 0728 0627 
1003 0492 0015 0015 0003 0001 0005 01.0 0556 0139 
0583 0638 0015 0015 0003 0001 0005 01.0 0684 0204 
0875 0638 0015 0015 0003 0001 0005 01.0 0661 0215 
0848 0597 0015 0015 0003 0001 0005 01.0 0792 0259 
1038 0457 0015 0015 0003 0001 0005 01.0 0191 0331 
0277 0536 0015 0015 0003 0001 0005 01.0 1019 0499 
0768 0658 0015 0015 0003 0001 0005 01.0 0634 0278 
0465 0586 0015 0015 0003 0001 0005 01.0 1072 0235 

0752 0121 0015 0015 0003 0001 0005 01.0 0778 0605 
1011 0342 0015 0015 0003 0001 0005 01.0 0544 0557 
0976 0486 0015 0015 0003 0001 0005 01.0 0657 0634 
0955 0214 0015 0015 0003 0001 0005 01.0 0355 0523 
0613 0219 0015 0015 0003 0001 0005 01.0 0673 0590 
0183 0373 0015 0015 0003 0001 0005 01.0 0821 0625 
1097 0381 0015 0015 0003 0001 0005 01.0 0758 0625 
0786 0548 0015 0015 0003 0001 0005 01.0 0532 0141 
0963 0310 0015 0015 0003 0001 0005 01.0 0615 0640 
0293 0301 0015 0015 0003 0001 0005 01.0 0732 0660 

0803 0116 0015 0015 0003 0001 0005 01.0 0767 0603 
0494 0130 0015 0015 0003 0001 0005 01.0 0681 0604 
0254 0075 0015 0015 0003 0001 0005 01.0 0819 0662 
0383 0407 0015 0015 0003 0001 0005 01.0 0697 0633 
0075 0310 0015 0015 0003 0001 0005 01.0 0766 0673 
0314 0484 0015 0015 0003 0001 0005 01.0 0939 0619 
1033 0243 0015 0015 0003 0001 0005 01.0 0502 0214 
0977 0500 0015 0015 0003 0001 0005 01.0 0188 0366 

1241 0124 0015 0015 0003 0001 0005 01.0 0041 0605 
1121 0608 0015 0015 0003 0001 0005 01.0 0268 0152 
0052 0468 0015 0015 0003 0001 0005 01.0 1085 0224 
1006 0550 0015 0015 0003 0001 0005 01.0 0592 0213 
0766 0640 0015 0015 0003 0001 0005 01.0 0865 0182 
0356 0588 0015 0015 0003 0001 0005 01.0 1015 0574 

