1030 0238 0015 0015 0003 0001 0005 01.0 0206 0558 
1152 0313 0015 0015 0003 0001 0005 01.0 0639 0677 
1034 0612 0015 0015 0003 0001 0005 01.0 0426 0170 
0968 0423 0015 0015 0003 0001 0005 01.0 0691 0203 
0626 0646 0015 0015 0003 0001 0005 01.0 0254 0391 

1031 0172 0015 0015 0003 0001 0005 01.0 0609 0625 
0607 0239 0015 0015 0003 0001 0005 01.0 0665 0672 
1015 0320 0015 0015 0003 0001 0005 01.0 0757 0667 
0383 0177 0015 0015 0003 0001 0005 01.0 0529 0646 
0331 0549 0015 0015 0003 0001 0005 01.0 0912 0470 
1119 0164 0015 0015 0003 0001 0005 01.0 0041 0369 
1113 0129 0015 0015 0003 0001 0005 01.0 0779 0644 
0732 0043 0015 0015 0003 0001 0005 01.0 0361 0635 
1058 0453 0015 0015 0003 0001 0005 01.0 0092 0602 

1048 0357 0015 0015 0003 0001 0005 01.0 0401 0417 
1217 0281 0015 0015 0003 0001 0005 01.0 0146 0464 

0991 0474 0015 0015 0003 0001 0005 01.0 0422 0603 
0984 0605 0015 0015 0003 0001 0005 01.0 0323 0496 
0768 0661 0015 0015 0003 0001 0005 01.0 0315 0119 
0994 0261 0015 0015 0003 0001 0005 01.0 0565 0608 

0887 0370 0015 0015 0003 0001 0005 01.0 0714 0629 
1009 0581 0015 0015 0003 0001 0005 01.0 0197 0302 
0849 0392 0015 0015 0003 0001 0005 01.0 0697 0227 
1001 0423 0015 0015 0003 0001 0005 01.0 0658 0165 
0982 0348 0015 0015 0003 0001 0005 01.0 0402 0487 
0316 0422 0015 0015 0003 0001 0005 01.0 1033 0530 

